1111111100000000000000001111111111111111111111110000000000000000
1001100110011001011001100110011010010110011010010110100110010110
1100110000110011001100111100110011001100110011000011001100110011
0110011001100110100110011001100111000011110000111100001111000011
0101101001011010101001011010010100110011001100111100110011001100
1010101001010101010101011010101010101010010101010101010110101010
1001100101100110011001101001100111111111111111111111111111111111
1100110000110011110011000011001110101010010101010101010110101010
0011001100110011001100110011001100111100001111000011110000111100
0011110011000011001111001100001101101001011010010110100101101001
1010010101011010101001010101101010010110100101100110100101101001
1100110000110011110011000011001111111111000000001111111100000000
1100001100111100110000110011110010101010101010101010101010101010
1001100101100110100110010110011000001111111100001111000000001111
0101101001011010010110100101101000000000111111110000000011111111
0000000000000000000000000000000010010110011010011001011001101001
1111000011110000111100001111000011000011110000110011110000111100
1001100110011001011001100110011010100101101001010101101001011010
0000111111110000000011111111000000001111111100001111000000001111
0000000000000000111111111111111100001111000011110000111100001111
