111111
100000
010011
011111
011010
010010
110000
011110
110110
101010
011011
001001
011000
011000
001011
010001
100100
010110
101100
110111
001010
101111
001001
010000
001000
110001
001111
011100
100101
101000
100001
000111
000010
100110
010010
011101
101111
100100
110100
000100
000100
000000
100111
101111
011011
011010
010000
110111
000101
000110
111100
000111
001011
100010
111101
101111
110110
111100
001000
010011
100001
110010
101011
001101
111110
011110
101001
010011
001100
111100
001111
001001
110000
110000
101110
010101
111100
000101
001000
000111
110011
110101
010100
010111
111011
011110
110100
100010
100010
010100
110010
110000
001111
010101
111100
000101
000111
100010
101011
100001
100010
101000
101001
100101
001011
001001
111110
001111
001000
011001
110101
011011
100010
000000
111001
110111
001111
100010
010101
100001
110100
111101
110011
111101
110000
111001
101110
101111
001101
110001
001010
111111
111000
100011
011101
110000
001011
010001
010101
011000
101111
101110
101000
101110
001111
110011
000011
100110
100000
110110
010111
001110
111000
001010
101010
001001
000110
100011
110000
010001
100100
110100
100100
110010
000101
010101
101010
001100
010100
001001
010111
100000
