01100110
00001111
11001001
10010110
10011100
11001100
00111111
10010011
00110011
01011100
10011001
10101010
10011111
10011111
10101001
11001010
00000000
11000011
01010000
00110110
10101100
01010110
10101010
11001111
10101111
00111010
10100110
10010000
00000101
01011111
00001010
11110110
11111100
00000011
11001100
10010101
01010110
00000000
00110000
11110000
11110000
11111111
00000110
01010110
10011001
10011100
11001111
00110110
11110101
11110011
01100000
11110110
10101001
00001100
01100101
01010110
00110011
01100000
10101111
11001001
00001010
00111100
01011001
10100101
01100011
10010011
01011010
11001001
10100000
01100000
10100110
10101010
00111111
00111111
01010011
11000101
01100000
11110101
10101111
11110110
00111001
00110101
11000000
11000110
01101001
10010011
00110000
00001100
00001100
11000000
00111100
00111111
10100110
11000101
01100000
11110101
11110110
00001100
01011001
00001010
00001100
01011111
01011010
00000101
10101001
10101010
01100011
10100110
10101111
10011010
00110101
10011001
00001100
11111111
01101010
00110110
10100110
00001100
11000101
00001010
00110000
01100101
00111001
01100101
00111111
01101010
01010011
01010110
10100101
00111010
10101100
01100110
01101111
00001001
10010101
00111111
10101001
11001010
11000101
10011111
01010110
01010011
01011111
01010011
10100110
00111001
11111001
00000011
00001111
00110011
11000110
10100011
01101111
10101100
01011100
10101010
11110011
00001001
00111111
11001010
00000000
00110000
00000000
00111100
11110101
11000101
01011100
10100000
11000000
10101010
11000110
00001111
