111100111000
010011011111
011010010010
110011000110
110101110010
011001011001
011011000000
001010011001
100010100110
101110100111
001101010111
001010001000
001110000001
001011111100
100101101000
100000001111
000100010110
010011010101
101100111100
110000100100
000000100000
100101111111
011011011010
010110000111
000000101110
111000100111
001100011010
111101101111
110111110100
001010000011
100110001010
101001011101
111011110110
101010001011
001111100100
001001111001
110110000000
101010110101
111000100101
001000000111
110110011101
010010100111
111011011110
110100100010
100010010100
110110010000
001010111101
111000100101
000100111010
101100011001
100101010000
101100001101
001001011001
111001110111
001011000001
110011101011
100000010000
111110001111
001100111010
010100101001
110111100101
110111011101
110111000001
101101110111
001110101001
001111010111
111100000011
011110101000
001010011001
010011101000
101101111110
101101000110
001110111011
000100011110
100110000110
010001111110
111001000010
101001010001
000100110011
110010000001
100110100100
100110100010
000010101101
101001010100
010001100001
010100111000
