0000111111110000111100000000111100000000111111111111111100000000
1001100110011001011001100110011010010110011010010110100110010110
1100110000110011001100111100110011001100110011000011001100110011
0110011001100110100110011001100111000011110000111100001111000011
0101101001011010101001011010010100110011001100111100110011001100
1010101001010101010101011010101010101010010101010101010110101010
1001100101100110011001101001100111111111111111111111111111111111
1100110000110011110011000011001110101010010101010101010110101010
0011001100110011001100110011001100111100001111000011110000111100
0011110011000011001111001100001101101001011010010110100101101001
1010010101011010101001010101101010010110100101100110100101101001
1100110000110011110011000011001111111111000000001111111100000000
1100001100111100110000110011110010101010101010101010101010101010
1001100101100110100110010110011000001111111100001111000000001111
0101101001011010010110100101101000000000111111110000000011111111
0000000000000000000000000000000010010110011010011001011001101001
1111000011110000111100001111000011000011110000110011110000111100
1001100110011001011001100110011010100101101001010101101001011010
0000111111110000000011111111000000001111111100001111000000001111
0000000000000000111111111111111100001111000011110000111100001111
1111111111111111111111111111111100000000000000000000000000000000
0101101001011010010110100101101001101001100101101001011001101001
1001100101100110011001101001100111001100001100110011001111001100
1100001111000011001111000011110010010110100101101001011010010110
1111111111111111111111111111111100111100110000110011110011000011
0000000011111111111111110000000001101001011010010110100101101001
1111000000001111111100000000111111001100001100110011001111001100
0101101010100101101001010101101001101001100101100110100110010110
0110100101101001100101101001011000001111000011111111000011110000
1100110000110011110011000011001110011001100110011001100110011001
0011110000111100001111000011110011001100001100111100110000110011
0101010110101010010101011010101010100101010110100101101010100101
0110011010011001100110010110011000111100001111001100001111000011
0011001111001100001100111100110010011001011001101001100101100110
1001011001101001100101100110100100001111000011110000111100001111
1010101001010101101010100101010101010101101010101010101001010101
0011110000111100110000111100001111111111111111111111111111111111
0011001111001100001100111100110001011010010110101010010110100101
0000000011111111111111110000000001011010010110100101101001011010
1111111100000000111111110000000010010110100101101001011010010110
0011110000111100110000111100001110100101010110100101101010100101
1100110011001100001100110011001101101001011010010110100101101001
0110011010011001100110010110011011000011001111000011110011000011
0000111100001111111100001111000000110011001100110011001100110011
0011001100110011001100110011001111110000111100000000111100001111
0011110000111100110000111100001111111111111111110000000000000000
1100110000110011110011000011001101011010101001011010010101011010
0000000011111111111111110000000001011010010110100101101001011010
1111000011110000111100001111000000110011110011001100110000110011
0000111111110000000011111111000010101010010101010101010110101010
0101101001011010010110100101101011111111111111110000000000000000
0000111111110000000011111111000010100101010110101010010101011010
1010101001010101101010100101010110101010010101010101010110101010
0101010110101010101010100101010101101001011010011001011010010110
1001100101100110100110010110011010101010101010101010101010101010
0110011001100110100110011001100101100110100110010110011010011001
0000000000000000000000000000000011111111111111110000000000000000
0011110011000011110000110011110010010110011010011001011001101001
1111000000001111111100000000111100110011110011001100110000110011
1111000011110000000011110000111101010101101010100101010110101010
0110100101101001100101101001011001011010010110100101101001011010
0110100101101001100101101001011010100101010110100101101010100101
0110100101101001100101101001011010101010101010101010101010101010
0101101010100101010110101010010101101001011010011001011010010110
1100001100111100110000110011110001010101101010100101010110101010
1001011001101001100101100110100110010110100101100110100101101001
0000111111110000111100000000111110011001100110011001100110011001
1100001100111100001111001100001100000000111111110000000011111111
1100110000110011110011000011001110101010010101010101010110101010
1001100110011001011001100110011000000000111111110000000011111111
0101101010100101010110101010010100111100110000111100001100111100
0101101010100101010110101010010111000011110000111100001111000011
1100001100111100110000110011110001100110100110011001100101100110
1111000011110000111100001111000011000011001111000011110011000011
0011110000111100001111000011110011000011110000111100001111000011
1010101010101010010101010101010100111100110000111100001100111100
0101010110101010101010100101010111001100110011001100110011001100
0101010110101010010101011010101010101010101010100101010101010101
1111000011110000111100001111000001100110011001101001100110011001
0011001100110011110011001100110010101010101010101010101010101010
0011110000111100001111000011110000001111000011110000111100001111
0011110000111100001111000011110000110011001100110011001100110011
1100110011001100110011001100110001011010101001010101101010100101
0101010110101010010101011010101011110000111100000000111100001111
1010101010101010010101010101010101010101010101010101010101010101
1111000011110000000011110000111100000000111111111111111100000000
