// ROM: CSK Generator / Modulation stage, REAL part of chirp waveform
// Chirp sequence index (m) = 1 -- raised-cosine window ALREADY applied
// Format: Q1.4 signed fixed point, WL=6 bits (1 sign + 1 integer + 4 fraction)
// 38 samples per subchirp x 4 subchirps = 152 total entries
// Address order: subchirp 1 samples 1..38, then subchirp 2, then 3, then 4
// (i.e. address = subchirp_index*38 + sample_index, both 0-based)
000000
000001
111111
111011
111110
001010
001011
111011
110000
110111
000111
010000
001011
111101
110010
110001
111001
000100
001101
010000
001101
000111
111111
111000
110011
110000
110000
110001
110011
110101
110111
111000
111010
111011
111100
111101
111110
111111
000000
111111
111110
111101
111100
111011
111010
111000
110111
110101
110011
110001
110000
110000
110011
111000
111111
000111
001101
010000
001101
000100
111001
110001
110010
111101
001011
010000
000111
110111
110000
111011
001011
001010
111110
111011
111111
000001
000000
000001
111111
111011
111110
001010
001011
111011
110000
110111
000111
010000
001011
111101
110010
110001
111001
000100
001101
010000
001101
000111
111111
111000
110011
110000
110000
110001
110011
110101
110111
111000
111010
111011
111100
111101
111110
111111
000000
111111
111110
111101
111100
111011
111010
111000
110111
110101
110011
110001
110000
110000
110011
111000
111111
000111
001101
010000
001101
000100
111001
110001
110010
111101
001011
010000
000111
110111
110000
111011
001011
001010
111110
111011
111111
000001
