0100
0100
0100
0100
0100
0100
0100
0100
0100
0100
0100
0100
0100
0100
0100
0100
0100
0100
0100
0100
0100
0100
0100
0100
0100
0100
0100
0100
0100
0100
0100
0100
1100
0100
0100
0100
1100
0100
1100
1100
0100
1100
1100
0100
0100
0100
1100
1100
0100
0001
1100
0011
0100
0100
0100
0100
0100
0001
0011
1100
0011
0100
0100
0011
0100
1100
0100
1100
0011
0001
0011
0001
0001
0001
0011
0011
1100
1100
0011
0011
0011
0011
0011
0011
0001
0001
0100
0100
0011
1100
0100
0001
1100
1100
0011
0011
0011
0001
0001
0011
0001
0100
0100
0001
0100
1100
1100
0100
0001
0011
0100
1100
0011
0001
1100
0100
1100
0001
0100
0011
0100
0100
1100
1100
0001
0001
0100
0100
0001
0011
1100
0100
0100
0011
0011
0100
0001
0001
0011
0011
1100
1100
0001
0001
0011
1100
0100
0001
0100
1100
1100
0100
0001
1100
1100
0001
0001
0001
0011
0011
1100
1100
0001
0001
0100
0001
0100
0001
0100
0001
0011
1100
0011
0001
0011
0001
0001
0100
1100
0011
1100
1100
0011
0011
0011
0001
0011
0001
0100
0100
0011
0011
0100
0100
1100
1100
0100
0011
0001
1100
0100
0100
0100
0100
0100
0100
0100
0100
