00110101
11110011
10001100
10100001
11101111
00100110
00111100
00110010
10001010
00011100
10011100
00011100
11001011
11010001
10110111
00001100
10000000
10101001
01011101
10101100
01100010
10000101
01010001
00110100
00110001
10111101
11110000
11100001
00000100
00000000
11010111
01110011
11001110
00100011
11010100
01010100
11101001
01010001
11100100
11101111
01111111
00111010
00001000
11011000
01101100
10011101
00111111
10011110
10001100
11010100
10111010
01011100
00111010
00101000
11011001
10011110
10010001
00001001
01011011
01111001
01100001
11011011
11011110
11100010
01001001
00011000
10110010
10000101
11011001
11101001
00010101
01100100
10011110
00011001
00100010
10001111
00010001
11000011
11111001
01110000
10001011
11100100
11111001
00000000
10101111
11010101
11100100
01100110
00011110
00111011
10110111
10111010
00101011
11011011
01110100
11101001
00011011
11111010
10100101
01101110
10000001
11001001
01100100
10101101
11110110
10001011
01100101
11101101
00010111
01001000
00111100
01110101
01101010
10000110
10011000
00110101
00100101
10100000
10011100
00111000
11000010
11000100
01011001
10011001
00100110
00000011
01110110
