000000
000000
111110
000000
001001
000110
110110
110001
111110
001101
001110
000010
110100
110000
111000
000101
001110
010000
001010
000000
110111
110001
110000
110010
110111
111100
000001
000110
001001
001011
001101
001110
001101
001011
001000
000101
000010
000000
000000
000000
000010
000101
001000
001011
001101
001110
001101
001011
001001
000110
000001
111100
110111
110010
110000
110001
110111
000000
001010
010000
001110
000101
111000
110000
110100
000010
001110
001101
111110
110001
110110
000110
001001
000000
111110
000000
000000
000000
000010
000000
110111
111010
001010
001111
000010
110011
110010
111110
001100
010000
001000
111011
110010
110000
110110
000000
001001
001111
010000
001110
001001
000100
111111
111010
110111
110101
110011
110010
110011
110101
111000
111011
111110
000000
000000
000000
111110
111011
111000
110101
110011
110010
110011
110101
110111
111010
111111
000100
001001
001110
010000
001111
001001
000000
110110
110000
110010
111011
001000
010000
001100
111110
110010
110011
000010
001111
001010
111010
110111
000000
000010
000000